epoch,N1,N2,N3,R,W
0,0.0007288699559301198,4.811724942286235e-05,2.4018172064061996e-05,1.581921143958836e-05,0.9991831754111434
1,0.0006752709588397395,0.0005738321305255172,0.00010337981287811606,1.4509427075414517e-05,0.9986330076706811
2,0.0015754323355181075,0.0008245199877617438,5.99773750597479e-06,3.442813752805382e-05,0.9975596218016862
3,0.000156945830366611,0.00030087071234905383,2.0398967462375457e-05,5.173308471264247e-06,0.9995166111813507
4,0.0003439497450621625,0.0006035986420805362,1.7921749702901095e-05,7.075597859736649e-06,0.9990274542652947
5,0.0001877391020510727,4.37277638455321e-05,3.793140841635322e-07,2.7340602481005204e-06,0.9997654197597712
6,0.000405308543544629,0.00013942103244969273,3.7049575497313365e-07,3.312055678976054e-06,0.9994515878725718
7,0.0005507628403958016,0.00025546760416387464,2.1444895578926064e-06,1.7025377465518393e-05,0.9991745996884169
8,0.00029516105421027754,0.00036099119296153554,0.00017818052091189468,2.5489878491752633e-06,0.999163118244067
9,0.0006824525636470205,0.0002713387494760542,1.0131104060009598e-06,2.6489388066905663e-05,0.9990187061884042
10,0.001411095692138664,7.573168872963526e-05,4.3862264214383297e-07,3.332178426921641e-05,0.9984794122122203
11,0.0021979458000992514,0.0002595945537067803,1.2528760522734337e-06,0.0001397386326297694,0.997401468137512
12,0.005820424851832235,0.000663586092892034,4.952991990550937e-06,0.00032259016328447637,0.9931884459000008
13,0.002390746930277236,0.0005608777262309714,4.913460441814911e-06,0.0005282439642686111,0.9965152179187814
14,0.0008116432218622122,0.00017247338498737808,6.175621855190896e-07,0.00040309824590498757,0.9986121675850599
15,0.0016032579902381925,0.0001938384105445476,1.8106766822503556e-06,0.0008296356027922711,0.9973714573197427
16,0.010661462156319794,0.00035791352784658986,6.932767943637423e-07,0.001855072139459006,0.9871248588995802
17,0.2593219217405676,0.0026271127024230304,1.3449359302816913e-93,0.006225693722151655,0.7318252718348577
18,0.30877132195537654,0.003328424980548901,1.6019463615459267e-06,0.005627417437820724,0.6822712336798923
19,0.2126858847159998,0.006051521937613262,1.7136942487975744e-06,0.0058037661397738975,0.7754571135123642
20,0.17364031701641336,0.010153605937083565,7.595057241560241e-06,0.005142159821002102,0.8110563221682594
21,0.2936603220224592,0.008590417575589829,5.1164477133050475e-06,0.007921081752452283,0.6898230622017855
22,0.2539906764764563,0.011927222672029524,1.1678814035457039e-05,0.006667759098427454,0.7274026629390513
23,0.3248559944883712,0.05764530994868663,0.00022987688185275437,0.015042786380603104,0.6022260323004862
24,0.2758294941461957,0.17100484309928562,0.0005602079056055174,0.037513816801936745,0.5150916380469764
25,0.2865829451249423,0.08234262265162122,0.00011085594523035993,0.036740370320937465,0.5942232059572687
26,0.2121448748624736,0.18957344668240142,0.001207820669329735,0.008064160036662469,0.5890096977491329
27,0.21844213226248094,0.3545309217778492,0.0013010988956914007,0.006655314003512974,0.4190705330604656
28,0.19855536942256372,0.28210652812238457,0.0024168842615613774,0.007903652201162,0.5090175659923284
29,0.1111751902061363,0.7063220793069533,0.00243637388524958,0.005601928664405294,0.17446442793725547
30,0.07239521440242011,0.6558723183563409,0.00460957615276864,0.004952188772838276,0.2621707023156321
31,0.08585680422253295,0.7068847122662403,0.0053898386841961625,0.005371346755088191,0.19649729807194252
32,0.10000496275321952,0.7667588173851362,0.0036472328350516327,0.0050081024889966335,0.12458088453759614
33,0.04914794520428131,0.7534334417976206,0.02589806490388253,0.001150010152420827,0.17037053794179458
34,0.10672895928997542,0.49006272648908983,0.0036970853881612116,0.004631334942815769,0.39487989388995776
35,0.03340460974907714,0.841565089807372,0.036444276430021495,0.0021770592827447164,0.08640896473078459
36,0.04958042362124574,0.8658593344673181,0.07005062050178322,0.0009585877531310983,0.013551033656521817
37,0.04201231039896217,0.8628746873254641,0.0717103803927882,0.0016508721667391711,0.02175174971604646
38,0.0527773018646364,0.8499491725244875,0.07059293331268005,0.0018847315943400595,0.02479586070385594
39,0.026888155576397604,0.8504581096459695,0.11331173160904404,0.001872689154886975,0.007469314013701935
40,0.016639867640793064,0.9577941757644931,0.013849403379292236,0.0012301514437339561,0.010486401771687647
41,0.03388966421358157,0.9513583960317933,0.007439935713519255,0.0009039118747967163,0.006408092166309194
42,0.012046682090528676,0.8855100546745303,0.08713770527351122,0.0024128745295031095,0.012892683431926759
43,0.04216146496351895,0.9387023223277947,0.0073809697835829245,0.002501458073584768,0.009253784851518565
44,0.008564221838298386,0.6933284872173385,0.2815192168388603,0.0005687490618876508,0.016019325043615293
45,0.006674342415647066,0.9216672530152724,0.06337294042538807,0.00105573326187615,0.007229730881816243
46,0.004486361169141885,0.5118987487310491,0.47729331968457567,0.0005554508278582705,0.0057661195873750645
47,0.009127009031871709,0.618706890850422,0.36233863625804974,0.0008148149955781914,0.009012648864078354
48,0.011796333255095692,0.2953062067764143,0.6792331891681848,0.0011246195553218663,0.012539651244983343
49,0.011000271980387267,0.7393740184961295,0.24339622034261643,0.00045227704780440573,0.005777212133062627
50,0.006236433711784959,0.5136279862500641,0.4637271486630423,0.00015837355034587397,0.01625005782476285
51,0.01839539387603634,0.8214857576778435,0.15033797854237782,0.00020982960351454417,0.009571040300228036
52,0.004756637860397685,0.39986087386702523,0.5929695268875621,0.0001282224698484115,0.002284738915166569
53,0.0069125652453341044,0.34971165685219047,0.637962198930968,9.602518224768349e-05,0.005317553789259724
54,0.001553112270068595,0.20041352294250417,0.7960154653380932,6.518559021104656e-05,0.0019527138591230167
55,0.0041357261390570655,0.19584953327963947,0.7939364758247505,4.134049937489289e-05,0.006036924257178162
56,0.03673366951108229,0.8118699166188981,0.11522026335138304,0.00016967358583317243,0.03600647693280357
57,0.01628791331404419,0.6931885101774967,0.28320574584391073,9.026275447763748e-05,0.007227567910070747
58,0.0042500696208205855,0.3225310312980351,0.6676055336834182,2.602485774698575e-05,0.005587340539979037
59,0.0018941414517301474,0.6496676084731171,0.34490428169132964,3.905133205407244e-05,0.003494917051769143
60,0.0022774722368299545,0.12790402661308944,0.8678824190672545,9.071483080127333e-06,0.0019270105997459827
61,0.0018577566137851582,0.17848879035487006,0.8158365444891222,9.050651366387507e-06,0.003807857890856043
62,0.002239642971315729,0.07932661886914635,0.9155136723879143,8.844729773275029e-06,0.0029112210418504214
63,0.004691121506765244,0.21469649647418798,0.7740524157218562,4.340309427852674e-05,0.006516563202911973
64,0.0015602304242961966,0.10706604593266734,0.8894196243103355,1.4099854462815302e-05,0.0019399994782382769
65,0.00032614860969591665,0.0255190875256581,0.9725869642027547,5.927594781873011e-06,0.0015618720671093237
66,0.0009157919867453898,0.054158889073718124,0.9429522722918526,8.266783953212824e-06,0.0019647798637306285
67,0.0006136163133193691,0.02771887513649656,0.9703893477333266,9.728021172571684e-06,0.0012684327956847751
68,0.0002911291609806598,0.01924614590634319,0.9787081798802199,4.308799507066501e-06,0.001750236252949198
69,0.00342533574872519,0.15050374000772151,0.8369699947692395,2.5531089236331767e-05,0.009075398385077491
70,0.0028600472582199186,0.14610236085710593,0.8484143423714897,8.088069804832895e-06,0.0026151614433796216
71,0.0012092368670174173,0.12428644250643377,0.8714357103045756,3.7981317154123514e-06,0.003064812190257673
72,0.0016450210323268688,0.10085158516114806,0.8957768561664463,4.000022999004141e-06,0.0017225376170796913
73,0.0017051546425964478,0.05766927324782386,0.9386704987570587,8.043723130127053e-06,0.0019470296293910376
74,0.0008349946160481537,0.06566703107969417,0.9314589318684928,2.3500989452391357e-06,0.0020366923368196777
75,0.0010211589160145824,0.09605381734187915,0.9012256938408874,3.433862829069082e-06,0.0016958960383897889
76,0.00045345814706480235,0.060760087249989464,0.937608098809646,4.702476126173998e-06,0.0011736533171735944
77,0.0007385333907238027,0.059204634352698716,0.9387713839973587,5.540784064556841e-06,0.0012799074751543584
78,0.0003150892857734731,0.037185844828164887,0.9614368628088966,3.872998707028994e-06,0.0010583300784580052
79,0.005740653624568765,0.025241487789791565,0.9678290212114297,4.40105865209615e-06,0.0011844363155578098
80,0.00115557014570499,0.06498601365753046,0.9326986735397371,7.277265445619054e-06,0.0011524653915818716
81,0.004911490583555376,0.014358277295762405,0.9801224074310849,9.097254901782705e-06,0.0005987274346954802
82,0.010811059480561713,0.025567102310393837,0.9624261378150034,1.4552927694321587e-05,0.0011811474663465716
83,0.009449156553205683,0.02060567298044307,0.9686638886655871,1.758498521045484e-05,0.0012636968155536334
84,0.0008724366075381192,0.04009483192983749,0.9577154622596682,1.3277761482046552e-05,0.001303991441474177
85,0.02129393779489514,0.04434816064273759,0.9324476637249218,1.0987678150151802e-05,0.0018992501592953307
86,0.00034284823369105266,0.012763910808765355,0.9859781038756092,8.496834967203879e-06,0.000906640246966999
87,0.00044586667758571605,0.014815132060942007,0.9836447479179787,7.572186587929544e-06,0.0010866811569057483
88,0.0003162406064339239,0.011895129399069834,0.986948770296025,1.074906625601067e-05,0.000829110632215404
89,0.0002062009351901299,0.011528725287452333,0.9878144365755859,2.3283628346854674e-06,0.0004483088389369455
90,5.565667400050055e-05,0.0028137675449687407,0.9968813922379649,9.911534595155468e-07,0.0002481923896062895
91,2.9383948326250098e-05,0.0017984856786855252,0.9977331734605146,6.997502123509114e-07,0.0004382571622613498
92,5.3652289322401486e-05,0.0017462147788800094,0.9979148978126364,4.570007512810056e-07,0.0002847781184098338
93,4.3298997068437747e-05,0.0019311033316919942,0.9978589044614673,1.7558715959260928e-07,0.00016651762261268263
94,3.0794164107262925e-05,0.0021376721758152185,0.9975778229961456,4.4073266574435623e-07,0.00025326993126587244
95,2.5887487749197684e-05,0.00243003555781728,0.9973054425662813,4.08393434112468e-07,0.00023822599471829482
96,5.089119832448294e-05,0.004154029167092329,0.9956008043270934,6.954247399900951e-07,0.0001935798827498134
97,3.464649659093956e-05,0.002984915295826363,0.9968239308569271,7.399269739640162e-07,0.00015576742368149547
98,5.5447237603592576e-05,0.0052485134562527845,0.9945380537799617,1.4681924626209297e-06,0.00015651733371926886
99,5.8599219317141534e-05,0.004661864156967007,0.9951183479857229,3.369186135663403e-06,0.00015781945185738114
100,8.868774210447997e-05,0.007955185449570332,0.9917220436050854,5.265517654253242e-06,0.0002288176855857389
101,6.273810392549104e-05,0.005718869014049993,0.9939843122957248,4.95552813903817e-06,0.0002291250581607684
102,9.529489139287211e-05,0.00365484363893378,0.9959165624793963,1.9616205639534877e-05,0.0003136827846373526
103,0.00017688080663818778,0.0165498715810391,0.9827115018671155,4.320175261098113e-05,0.0005185439925960867
104,0.00018992589008249623,0.007743155657280855,0.9913092310686256,2.62950362366763e-05,0.000731392347774256
105,0.0006669262566436179,0.012439643559228391,0.9826679113735233,0.00021802913605995682,0.004007489674544826
106,0.00031399354808161665,0.01012484477628125,0.9883374277148401,3.557078075938102e-05,0.001188163180037438
107,0.00028446415390999435,0.006982569626284369,0.9911995309646358,3.118404972374004e-05,0.0015022512054461235
108,0.0003358857466720908,0.009768689302917095,0.988762792218147,2.5116665286143465e-05,0.0011075160669778367
109,4.152139254417884e-05,0.004898351807632912,0.9948597053872594,7.295150857831743e-06,0.00019312626170572082
110,0.00016330220842681163,0.0046905181816344465,0.9948733719985332,1.3357086089408545e-05,0.0002594505253160661
111,3.255260861066629e-05,0.0023660816234483137,0.9974947481156002,1.998918393690316e-06,0.000104618733947002
112,6.985818348532319e-05,0.004999084518963749,0.994697399507828,2.3534563741368965e-06,0.00023130433334869787
113,2.731122355864187e-05,0.002851915157251604,0.997007415391682,4.0165405830020515e-06,0.00010934168692471876
114,2.6379712092341554e-05,0.0017222820000663268,0.9981746787619239,1.0880942261219683e-06,7.557143169127725e-05
115,7.144304533501012e-05,0.003106141820700165,0.9967170645520785,1.198210211426078e-06,0.00010415237167488002
116,3.0471776438023854e-05,0.0029901015236713283,0.996897513451022,1.2469226008111722e-06,8.066632626777281e-05
117,2.9175355550448798e-05,0.002089386536937153,0.9976956216622104,4.156730931195439e-07,0.0001854007722089114
118,5.821486480997431e-05,0.004085648360479214,0.9957132074302933,8.401676493708728e-07,0.00014208917676819936
119,3.0233224202846067e-05,0.0022161570077184754,0.9976759877664979,3.1791691692935795e-07,7.730408466374169e-05
120,2.535527780882062e-05,0.0021375111333532563,0.9975483450876673,9.977505301036547e-07,0.0002877907506403661
121,8.047495167785816e-05,0.0023288425734946205,0.9974747107992935,8.45961436019121e-07,0.00011512571409795977
122,0.0001500989847800488,0.006129890212165197,0.9935580400179237,1.0144195230299396e-06,0.00016095636560802318
123,2.702224746639537e-05,0.002597768736146002,0.9972673588499223,1.3047186361138449e-06,0.00010654544782917892
124,3.7488258877339986e-05,0.00300135944767182,0.9967656836074595,6.033213740283188e-06,0.00018943547225123224
125,4.538414815405226e-05,0.002542888941290194,0.9972855311600616,2.870202335775152e-06,0.00012332554815840607
126,9.265795687811136e-05,0.006777997754431248,0.9926250318796367,2.4590096519152757e-05,0.00047972231253464706
127,0.0006073189777085804,0.0234194184025954,0.9753330615507229,2.1092348800697432e-05,0.0006191087201725238
128,0.00014844190915441893,0.007667413353061418,0.9916159997832911,3.97724220216977e-05,0.0005283725324714754
129,0.0007650589002371249,0.02199242758497757,0.9763799962767862,0.00016876886045592311,0.0006937483775431942
130,0.0020067685786790707,0.034652809663685676,0.9615279656058741,0.0005186346179863639,0.0012938215337748701
131,0.011287857935068367,0.12445641480580447,0.8566585362302553,0.0010770908939229974,0.006520100134948816
132,0.043838656819549376,0.5265673774359063,0.3818673855007552,0.014530455354828456,0.03319612488896068
133,0.11302439680545982,0.741894107695083,0.08690129218868234,0.018656256966354454,0.03952394634442046
134,0.2677721487078646,0.549474507891213,0.01341581078465466,0.12676738531574,0.0425701473005277
135,0.0936954050084616,0.5918927779793624,0.02037727492767355,0.276178918799016,0.017855623285486507
136,0.0603485125891539,0.6162784616376208,0.003602073252960243,0.30704715271620076,0.012723799804064448
137,0.0772974706124975,0.4354754625963213,0.0014852386886056092,0.46503600129623823,0.020705826806337396
138,0.049886444829745934,0.6555248656713694,0.0025286186365311393,0.27748279369119255,0.014577277171161017
139,0.12355934568616578,0.47101888779404827,0.003477337144279767,0.3673419934600974,0.03460243591540877
140,0.10680619241349232,0.3426997706469432,0.0015775509862531077,0.5109296203687755,0.03798686558453584
141,0.06601642721408538,0.20257850198638802,0.005277661238405361,0.6927342207374035,0.033393188823717855
142,0.03791783751227889,0.21294595672055833,0.0011430209294461652,0.7358607424713799,0.012132442366336656
143,0.0349792435778421,0.2714234813212323,0.004309005482098593,0.6565491306701903,0.032739138948636747
144,0.019079471435281176,0.05257369453864702,0.0004962486970175753,0.9167120640109648,0.011138521318089371
145,0.04187410832925672,0.0479158312133685,0.00012242215163312653,0.9009141874275876,0.009173450878154124
146,0.01809684385770924,0.04953716921128762,0.0001287566146675171,0.9213803825258898,0.01085684779044563
147,0.019440597505639208,0.022976575879360906,1.184720346718949e-05,0.9488181665720321,0.00875281283950068
148,0.023499058100374677,0.02777221745483955,4.12440984309338e-05,0.9389802211429124,0.009707259203442396
149,0.04638235589060725,0.018769623297691107,9.943083714321673e-05,0.906991858745424,0.027756731229134485
150,0.031698239998237024,0.012647338960844402,4.072594095404546e-05,0.9412116784712691,0.014402016628695537
151,0.021088343207684258,0.007370771531427,3.098301437163411e-05,0.9560341895163785,0.015475712730138622
152,0.05270190773216796,0.022718933664957485,3.199843548572538e-05,0.9075245574924008,0.01702260267498789
153,0.03959467660668757,0.014917769531697973,2.818396704488609e-05,0.9228198683116657,0.022639501582903985
154,0.037530012736462566,0.02494740838547573,7.295593058748746e-05,0.908117542659794,0.02933208028768008
155,0.07855367032712443,0.03410018276498834,0.00010387662894666225,0.8545856037095161,0.032656666569424495
156,0.0680385350383289,0.021265407867803836,3.4243888215292587e-05,0.8774101896969868,0.03325162350866515
157,0.12564911071395038,0.010972470507115296,3.6530412192356864e-05,0.813869586750231,0.049472301616510915
158,0.07814104411156686,0.007835027515185502,1.912992138996486e-05,0.8823242996598083,0.03168049879204942
159,0.13793426667388728,0.010211293961788407,7.98887072363732e-05,0.8202761857489427,0.03149836490814539
160,0.1612226877538991,0.019449529234628594,0.00016600706857180332,0.762542409311401,0.056619366631499385
161,0.1477890895630448,0.021297231013064872,0.00020012024500736054,0.7994248676207023,0.0312886915581806
162,0.041814750677947016,0.011077380132009762,0.00010932603728912302,0.9160642220379992,0.030934321114754828
163,0.14933634167249987,0.03173771795479005,0.00011796618900132894,0.7772387903465142,0.04156918383719464
164,0.11912594345527287,0.06723053813637349,0.0003982374905959223,0.7887638855189069,0.024481395398850823
165,0.056679820264695244,0.4590267256684322,0.006527301177221138,0.3759064735604872,0.10185967932916423
166,0.11325004487195751,0.03402068273341974,0.0001126057585113418,0.7676485506110399,0.08496811602507152
167,0.17195471869312381,0.060382626422379196,8.687600253489005e-05,0.7171693181758073,0.05040646070615489
168,0.08241457831743229,0.18291576988272445,0.000480803474095761,0.6836060446261008,0.05058280369964672
169,0.19450481543932838,0.04623273868019069,6.081863219501262e-05,0.6972874682228313,0.06191415902545466
170,0.13338642039809356,0.07425751144520794,6.63754234468041e-05,0.7177479189084794,0.07454177382477216
171,0.1524110179283147,0.05245777273905747,0.00011306583455260042,0.7132327860760955,0.0817853574219797
172,0.2404811456427813,0.04786835780944398,0.00023993428475970756,0.6605552087960319,0.05085535346698307
173,0.2340124889003299,0.09792989521059939,4.722257483009739e-05,0.6139036992310312,0.05410669408320945
174,0.12539550252664794,0.030462625872340082,2.1480324101096222e-05,0.7305637793597519,0.11355661191715899
175,0.41971584077842844,0.08642717388313818,0.00017729640458948937,0.4149704921615603,0.07870919677228358
176,0.2730995021224862,0.46160446710241154,0.002952590181958675,0.18450840265729565,0.07783503793584805
177,0.0935734602489954,0.7489618798166924,0.0017411080385887818,0.13522441657842996,0.020499135317293544
178,0.05547625976060119,0.8754210412478065,0.002778109563105538,0.05215248915219715,0.01417210027628972
179,0.024326575679641388,0.8774778382558093,0.0013812424654765596,0.06528196192782083,0.03153238167125184
180,0.19596135824207644,0.49345583485244254,0.0010709129983680547,0.19586190566455197,0.11364998824256119
181,0.0627366271996451,0.9203741647883679,0.001332226263246841,0.010315821791068292,0.005241159957672004
182,0.04756656116779873,0.9351880150870449,0.0010674233017842565,0.012272827986834165,0.0039051724565378784
183,0.030162862852933868,0.9585941829756355,0.0037424436057252705,0.005120250735581499,0.0023802598301238456
184,0.06645327416289126,0.8944078981367811,0.0022763337294310956,0.03154042916081874,0.0053220648100775775
185,0.019879595663441968,0.9653548476231862,0.003119880949745736,0.009066860032594583,0.0025788157310313252
186,0.03476612174178419,0.9453662259717825,0.0016152730707128325,0.014654464109270165,0.003597915106450107
187,0.03357234979291788,0.955168033441331,0.002172153230173156,0.006985692452875332,0.0021017710827027675
188,0.01938910185369395,0.9730526017601484,0.001297903516578774,0.0022585307852984503,0.004001862084280455
189,0.003427795126165998,0.9877531004788487,0.007277447611621243,0.0005974412588077439,0.0009442155245563652
190,0.012275660466870557,0.9823590905986663,0.0017260074115620677,0.0021586261305347573,0.0014806153923659405
191,0.0048010017654319765,0.9854120167283211,0.00799293163339898,0.0005034386198602682,0.001290611252987397
192,0.008570483399658702,0.9827455170282057,0.003970750588013171,0.0019580959237733802,0.002755153060349208
193,0.014299595806440007,0.9689498035131524,0.01504085601320046,0.0005369748884393274,0.0011727697787680326
194,0.004187114742859154,0.9803559751100025,0.014353462054766923,0.00028214963399245124,0.0008212984583791167
195,0.004760677012197621,0.9623783335069512,0.031399895190873904,0.00025281504658126086,0.0012082792433961566
196,0.011012898888244823,0.9669102304660323,0.019936008879264604,0.0005187061017113872,0.0016221556647466667
197,0.0030541783306981592,0.8663460663214384,0.1295950344388564,0.00018986498435068726,0.0008148559246562267
198,0.0029569669373983643,0.9341920522345311,0.06072450375611577,0.000196203858150846,0.0019302732138039471
199,0.0035386927033199084,0.8731878987669779,0.12083943916627747,0.00044136781857039736,0.0019926015448541805
200,0.0054589208826836605,0.8345680767765687,0.157865684811969,0.00029487023237867715,0.0018124472963998441
201,0.004320754725511733,0.9197807509361429,0.07436556269893893,0.00019111431641358784,0.0013418173229929869
202,0.001579494019057824,0.32689061073835274,0.6701918313952393,0.00012469732375642415,0.001213366523593675
203,0.0035017438933835038,0.7262494158635484,0.26833738524876266,0.0001904352165310253,0.0017210197777743574
204,0.001651466841403088,0.430309630571159,0.5670575100902258,0.0001554862346487602,0.0008259062625633494
205,0.0042387650992179015,0.42006064128398285,0.5735084037151528,0.00027720804905024854,0.0019149818525962374
206,0.002965016137819519,0.5774580618086812,0.4177324345590489,0.00021739462660029865,0.0016270928678501473
207,0.0019057179401699654,0.6518683880573687,0.34461171202678986,0.00012693996741064463,0.001487242008260652
208,0.0009654414308940536,0.38628120775940383,0.6116190171117147,7.603639634410473e-05,0.001058297301643311
209,0.0023795139683142055,0.6763881267490921,0.31968082053550156,0.0001237205499016667,0.001427818197190479
210,0.0007913978221704204,0.49671484701840823,0.5020113299549035,1.7728651163644578e-05,0.00046469655335416854
211,0.0016556458276714896,0.38149087311266994,0.6157774004935481,3.6995529107715473e-05,0.0010390850370026643
212,0.0011016296420763886,0.2411133524627308,0.7570867356348245,2.722596058417614e-05,0.0006710562997842088
213,0.0027477390882652227,0.17023090646846753,0.8258738108432692,5.5369075341718356e-05,0.0010921745246564318
214,0.0017569031666847645,0.15443639731840317,0.8426836477623464,4.886757647675988e-05,0.001074184176088933
215,0.0009141324483322704,0.2391821434245863,0.758740068837462,7.67083262319157e-05,0.0010869469633875684
216,0.0023299104029833226,0.2230528763175507,0.7735508154264384,0.00012282815971718271,0.0009435696933103478
217,0.0006383559945640871,0.09423358951478081,0.9046619051911255,5.1355176103839924e-05,0.00041479412342579645
218,0.0009088478839788362,0.13154361605629886,0.8669910217741874,5.6423504145248245e-05,0.0005000907813895999
219,0.00021497655584220763,0.05873295215100127,0.9405518303275592,0.00012343858263708243,0.0003768023829603099
220,0.00047194650233858674,0.06728700105155734,0.9318220559481315,6.62939993474007e-05,0.0003527024986253004
221,0.0003268716729918088,0.035514552122325016,0.9639029592415168,6.49507053561415e-05,0.00019066625781010167
222,0.00016965246610339024,0.023921704055272337,0.9757540088326742,2.643211438981591e-05,0.00012820253156031053
223,0.0002660903429341456,0.03298463475055722,0.966508678908408,7.806374171822939e-05,0.0001625322563825848
224,0.0001295513304246215,0.020605250777248268,0.9791437527622204,2.556375539852699e-05,9.588137470829572e-05
225,0.00012689249587131434,0.02257129884177984,0.9771730023330901,1.5599973746169862e-05,0.00011320635551250646
226,0.00017743596527633967,0.007912148421057218,0.991742369807272,4.0930917472077135e-05,0.00012711488892237904
227,5.3938274354575494e-05,0.00762670149801383,0.9922269247796526,1.5100381268725602e-05,7.733506671004167e-05
228,5.244233054431356e-05,0.0091958283327944,0.9906679811682433,1.836077117886263e-05,6.538739723933825e-05
229,7.003173084449936e-05,0.009084621622595605,0.990710213726115,4.167294509788751e-05,9.345997534692474e-05
230,8.847674481111006e-05,0.011522255617616524,0.9881920745669465,7.192888892022891e-05,0.0001252641817056277
231,0.00020996554131655874,0.014186251436007538,0.9851164549550443,0.000208494188323485,0.0002788338793081463
232,0.00010363771903195637,0.010900745155129185,0.9887668907945949,0.00010798583216132076,0.00012074049908289936
233,4.2355469620536066e-05,0.004756569360971937,0.9951153102036092,4.011275044988203e-05,4.565221534833314e-05
234,7.041206564330012e-05,0.005136678387685742,0.9946389208724009,6.49005090893109e-05,8.908816518077238e-05
235,7.492089095231156e-05,0.007619241073888273,0.9920195711606699,0.00015111474797025598,0.00013515212651926954
236,7.422415646648526e-05,0.007790643799538689,0.9920005281000736,5.981597006038356e-05,7.478797386061444e-05
237,5.1002592057833726e-05,0.009117791875915437,0.9906790463072689,5.0389104332404906e-05,0.00010177012042531556
238,8.172822922837191e-05,0.013179115683896412,0.986459084561678,8.479814884854099e-05,0.00019527337634864342
239,6.0831674238006485e-05,0.005793784352485963,0.993949020597651,5.5365290661008326e-05,0.00014099808496397976
240,3.3744566051992504e-05,0.004603543556644191,0.995174906301068,5.286339298682231e-05,0.00013494218324908535
241,8.078314371896186e-05,0.009954079550531535,0.9897501594044922,5.793584613362548e-05,0.00015704205512362447
242,5.775603790759155e-05,0.008994398510518932,0.9902032287925704,7.763221156090678e-05,0.0006669844474421143
243,9.598099367713446e-05,0.008475998820142985,0.9909701897210101,0.00020204786863580143,0.0002557825965340263
244,7.28208731105006e-05,0.007868472708654161,0.9915955017219714,0.00011602300640355478,0.0003471816898602375
245,8.590049106042113e-05,0.00739311458112011,0.9921712419416902,9.140278815444795e-05,0.00025834019797496804
246,5.165959740806986e-05,0.005593513376665064,0.9942328608816566,3.153262594588375e-05,9.043351832448086e-05
247,5.185186913224991e-05,0.007308398753386414,0.9924685431961405,5.598077782413066e-05,0.00011522540351686129
248,5.785374756865555e-05,0.00654379669967872,0.9930399454705049,8.96357460358764e-05,0.0002687683362116854
249,0.00015239031035797938,0.010464442142571001,0.988798738618415,0.0002476748298829649,0.0003367540987730165
250,9.329303990595436e-05,0.014265571112834741,0.985384876417609,4.6669281500606885e-05,0.00020959014814979758
251,0.00015485268874653108,0.01594410642244787,0.9833402171318197,0.00025627085850439096,0.00030455289848151194
252,0.00035087087380311605,0.0163037233128695,0.98033588059558,0.002251983638759291,0.0007575415789882215
253,0.00035748655820613893,0.01724970426541515,0.9800430275083039,0.0015495908025292668,0.000800190865545688
254,0.0003790537292859115,0.01689900460234992,0.9736536905145945,0.004827847944084472,0.004240403209685194
255,0.0038889854270542446,0.09484805605067512,0.8202988989305823,0.042076715481410266,0.03888734411027803
256,0.004546125260827389,0.005003455628377077,0.00039214209917944596,0.0033306031771430057,0.986727673834473
257,0.2591628244085504,0.14985810554114043,0.0022956277138819173,0.1274596677968206,0.46122377453960656
258,0.1752483160726072,0.09793296728254422,0.0015407902204849638,0.038581607302450055,0.6866963191219136
259,0.41978744356774805,0.18443211746421478,0.0016558230963960147,0.05946615604645824,0.334658459825183
260,0.06198831194565218,0.15608668592736963,0.001684815561434686,0.03360020146305574,0.7466399851024877
261,0.021982823993195597,0.01443874400992887,0.0001042003220106895,0.03463672646088045,0.9288375052139843
262,0.2946932254259739,0.06739206802276482,0.00019265637520929528,0.08507650844804687,0.5526455417280051
263,0.333576639585715,0.09155540269603023,0.0004169261233654335,0.11345088977835499,0.4610001418165343
264,0.7363564050835223,0.12402940909285537,0.00033505323875107184,0.02948097243161522,0.1097981601532559
265,0.0723519584661107,0.8542557899213409,0.003150356318751931,0.03399811922741081,0.03624377606638551
266,0.3468367420383309,0.5459261354753481,0.0006288113021441886,0.07401292415069634,0.03259538703348037
267,0.05541710263917635,0.8530185178813996,0.0015443341876887715,0.053119615477084194,0.03690042981465103
268,0.24715121085470876,0.38420692944941087,0.0005003895246395938,0.2581566318460019,0.10998483832523896
269,0.027367219356030505,0.8353000571759545,0.0038293746368888897,0.12097520600404404,0.012528142827082133
270,0.05779751585388902,0.7999194555395847,0.0018315917835826118,0.1322535018800114,0.00819793494293218
271,0.061109982338190406,0.8892147871443911,0.003124141377001043,0.04206772004015054,0.0044833691002669875
272,0.02775993113109478,0.9410108145392454,0.002059265661926494,0.026684311067646776,0.002485677600086655
273,0.017408682120017102,0.9568125186497368,0.0030947165888226165,0.018609971769511464,0.004074110871912094
274,0.026180743631189236,0.9491327308412663,0.0018368702981090617,0.020622041463435523,0.002227613765999867
275,0.019012467972315313,0.9475983010640241,0.013641944466139222,0.016474840359337193,0.0032724461381841694
276,0.008160984909415905,0.9791059972323602,0.003510968625413139,0.007772360222822496,0.0014496890099883004
277,0.010051682667148716,0.9661064730266857,0.013622216304306309,0.009391901512884313,0.000827726488974946
278,0.01027275719240205,0.9019784519477794,0.07692967391036971,0.00973912758594942,0.001079989363499465
279,0.006800811930961956,0.9540016075992839,0.025043715775459677,0.012444161880997751,0.0017097028132968214
280,0.015693927199253364,0.9258749581896232,0.027679845926137005,0.029219225050373002,0.0015320436346133387
281,0.01190642441284446,0.9028196606977015,0.06825645847438987,0.014624679908642165,0.0023927765064219297
282,0.006148331478024017,0.9523672841359512,0.03112062861439579,0.009484299488768872,0.0008794562828600504
283,0.015028489630617523,0.9205550438530474,0.05255733361763314,0.008298748386480889,0.003560384512221137
284,0.02219845748909317,0.924484964948514,0.038590424958372345,0.013331651787689566,0.001394500816330928
285,0.006551582666301483,0.9047649186375082,0.08280796456860219,0.0051228086213359,0.0007527255062523418
286,0.003903643090572569,0.9393242252194552,0.040753502802227747,0.014968779970685155,0.0010498489170591718
287,0.007869155704779552,0.8176028147695605,0.11409540005166309,0.057462544471402165,0.002970085002594748
288,0.006181078102058201,0.7544960337784159,0.2182756290427231,0.019172561575227596,0.0018746975015752885
289,0.0058849511220297945,0.8842274978808643,0.08936630861961246,0.01807421863835317,0.002447023739140091
290,0.008440481825576693,0.7551502071229172,0.22670323645407212,0.007481742133366249,0.002224332464067707
291,0.007313239109810279,0.4682862266601411,0.5134659493615316,0.00910184690767438,0.0018327379608427225
292,0.007027588194340069,0.7518867665300492,0.22991459974168904,0.008133398320824317,0.0030376472130973727
293,0.0067843015431428965,0.5701002031967053,0.41925168358804854,0.0021086479559900917,0.00175516371611334
294,0.008760111868711628,0.6151857045053806,0.370631598151251,0.0031717624402048806,0.0022508230344519095
295,0.004973524418631586,0.5853169039534919,0.4066955555001754,0.0009799040284626406,0.0020341120992384194
296,0.008933171764083208,0.7835587112983013,0.20506675078691836,0.0011597738261448374,0.0012815923245523724
297,0.005357402872391558,0.5687226752908646,0.4239516907924533,0.0007516690121272403,0.0012165620321632183
298,0.003191210538333263,0.4911916112025163,0.5044407737275745,0.0003653979205499181,0.0008110066110260112
299,0.002399628844397353,0.449209415745663,0.5466085411923751,0.0005016028439538217,0.0012808113736108818
300,0.00844743828398914,0.6023748252154126,0.3851557331646971,0.0009724779206016555,0.0030495254152995174
301,0.006899364919798585,0.7549949006265171,0.2360613518700546,0.0007894932395917937,0.0012548893440377995
302,0.006955828990853784,0.6767369641925806,0.3138954088243768,0.0010967895322779393,0.0013150084599109458
303,0.008160030830257368,0.7494069564432755,0.238962897357749,0.001578712748244156,0.0018914026204739742
304,0.001804549193407693,0.3099564672635746,0.6873308137103462,0.0004183982675099825,0.0004897715651614966
305,0.0025976130221863317,0.7471220665791084,0.24638896771400606,0.001233169548965925,0.0026581831357333674
306,0.001009665315245695,0.3944117390075494,0.6034954241650231,0.00036015417096148646,0.000723017341220198
307,0.004021706263461678,0.6133757760819794,0.38046598418820127,0.0004613245039193139,0.0016752089624383086
308,0.0012374657665884343,0.2881963591365978,0.7100155655581112,0.00014781982320062574,0.00040278971550186064
309,0.0017264170298202334,0.2687869918407876,0.7282411212149311,0.00023060253367826434,0.0010148673807828731
310,0.0018609987234510432,0.12496776100568066,0.8719552796586034,0.00011519845239972177,0.0011007621598652848
311,0.0031743751778463675,0.1567151735965679,0.8383856176754446,0.00041003663502091017,0.0013147969151201203
312,0.0028330930885464983,0.3112078298486709,0.6844960562884637,0.00019035434103462993,0.0012726664332842967
313,0.0006930110601937191,0.11926446988754795,0.8795605366080836,5.6779907398390455e-05,0.0004252025367764279
314,0.0011248101193944591,0.2000540165465666,0.7982238543943876,0.0001445421548712576,0.000452776784780009
315,0.002225731838438145,0.37719997532310445,0.6189582872718213,0.0002490921808462504,0.0013669133857899423
316,0.0007200353930710431,0.11129203001187556,0.8870995082721784,0.00023750004294669072,0.0006509262799282355
317,0.0025373264680994094,0.2241578586280054,0.7719693939996789,0.0003932523752010784,0.000942168529015109
318,0.005559724275675824,0.32923270962721796,0.662549808883373,0.0009743848707409155,0.0016833723429923993
319,0.014058821986322051,0.6582461266936236,0.3033139886426294,0.0005510527709566074,0.02383000990646834
320,0.10144310985821885,0.6852828274536656,0.20667207353825628,0.0012290899059906842,0.0053728992438685855
321,0.17771494895353693,0.6789052134796787,0.09320465446540727,0.002166501051419177,0.04800868204995774
322,0.029196766146393213,0.8694114871021996,0.09149196522084056,0.0009882805567272145,0.008911500973839437
323,0.013278037078119304,0.9469818803037721,0.02902723317676739,0.0010673695806455797,0.009645479860695883
324,0.007793355755858835,0.9564882349891589,0.03325636535709854,0.0002120003791523682,0.002250043518731212
325,0.00831415200494934,0.7769450407524653,0.2130429829208837,0.00031401523527239473,0.0013838090864293137
326,0.00895797401106821,0.8491144636354699,0.1380204601458465,0.0008214399817031613,0.0030856622259122493
327,0.005747280896386471,0.8089295171655905,0.1822679775399528,0.0010586299670602385,0.0019965944310100727
328,0.007581082519524617,0.6493652297082521,0.3382152559713859,0.0004750382237555443,0.004363393577081873
329,0.025585637713769278,0.6999777805721134,0.21267798218193273,0.004146898243939168,0.05761170128824534
330,0.027541801960431767,0.9331698370092281,0.024576025019377737,0.007013629353459858,0.007698706657502689
331,0.007922806338291438,0.006968120074715784,0.001207572934908692,0.0010275520711516798,0.9828739485809325
332,0.4263972760104513,0.01621332099664084,9.137413326342625e-05,0.011188634024948373,0.5461093948346961
333,0.6995177055074366,0.052138212455198694,0.000358955615981722,0.04235127245553159,0.20563385396585132
334,0.425302881358673,0.25488087383795294,0.0019262423158850931,0.022287970702800152,0.29560203178468886
335,0.3936492622077183,0.34066295869005064,0.0011346306471431782,0.09724238415454856,0.16731076430053923
336,0.05070823916103204,0.8720461714977856,0.002498652400184385,0.050674686237616375,0.02407225070338159
337,0.05661959778269985,0.7906635711003204,0.0008150397094759452,0.11759469567038273,0.03430709573712095
338,0.0656486385991659,0.5054138746321651,0.0005747695515006262,0.3982880616373354,0.03007465557983305
339,0.020729920954142247,0.8816242995333556,0.0005602854911166939,0.0919305515795367,0.005154942441848865
340,0.07274879404160917,0.814763900540062,0.0023547445736127283,0.10689453334120244,0.0032380275035136267
341,0.047163531127834835,0.8156798091261466,0.004342772301555519,0.11600530483585013,0.016808582608612777
342,0.044469063068041305,0.7174586202296622,0.0009419615221448111,0.22967361402393618,0.0074567411562154115
343,0.0075020008147464005,0.9770120754184972,0.001361092089649299,0.012272333194655453,0.0018524984824517105
344,0.07328607898147783,0.9084236515800758,0.0020433928536496004,0.012898947541459834,0.003347929043337029
345,0.009303392800397294,0.9806151559581625,0.0022611089359079258,0.006661736809420557,0.00115860549611173
346,0.012232133201425043,0.9716823679526969,0.002293278974787799,0.005135354330775718,0.008656865540314399
347,0.041607816334804,0.9515198624095821,0.0010515932895363372,0.0035218271058909687,0.0022989008601863666
348,0.00811601615345689,0.9858707945622289,0.00451610406936745,0.0008159099650389615,0.0006811752499077804
349,0.005509954670371683,0.9892774709576594,0.00376831421212324,0.0007063428499370757,0.0007379173099088718
350,0.012717248521752435,0.9468667254368236,0.0374808081403119,0.0020065451668089852,0.0009286727343032762
351,0.007864115001228422,0.9456827937836783,0.03768271820293411,0.00361165803055587,0.005158714981603435
352,0.007016836890591161,0.9844580119195993,0.0023038186515755197,0.004507105181633135,0.0017142273566010668
353,0.012531394195052907,0.9440752394316089,0.03660624366993807,0.0055065040965006215,0.0012806186068997506
354,0.015829274897660853,0.8688011713848494,0.10877154357936594,0.004992921962037189,0.0016050881760865628
355,0.0061507040697699215,0.9328150688282506,0.05183513739428412,0.006648422254093913,0.00255066745360158
356,0.014420718595492052,0.9250009163208368,0.04328239341872283,0.014752536995448321,0.002543434669499943
357,0.01069872149424535,0.919698533133588,0.014977233647448166,0.048033472704304865,0.006592039020413406
358,0.03467679575974697,0.8376686731529117,0.011066501693373192,0.10054023794479731,0.01604779144917077
359,0.275612715567396,0.20687462484068225,0.00099002953259449,0.2520309592659582,0.264491670793369
360,0.2225414938376248,0.6179815509269921,0.0010050499501138479,0.11490789391995354,0.043564011365315645
361,0.04297017032784811,0.9315882498895642,0.0023471895466298308,0.01606943001250023,0.007024960223457506
362,0.05666273794549547,0.89390352167686,0.00344606417810947,0.03557457582888112,0.01041310037065386
363,0.09377297551912539,0.7658638818260868,0.004563110422618181,0.1207158791297089,0.015084153102460668
364,0.046354157620839165,0.45795151903399245,0.0011234818791422902,0.46076469408867576,0.03380614737735044
365,0.07238195767352969,0.3569196750731347,0.0012315013507376486,0.5462509275612922,0.023215938341305788
366,0.04617955471188516,0.18025284787246443,0.0006592927364594462,0.7341491430649978,0.038759161614193224
367,0.08768933718208842,0.04386601502572632,4.147897010535836e-05,0.855157821745408,0.013245347076671816
368,0.07102171343075031,0.05897596056313646,0.00037340583639062667,0.8389629762398456,0.030665943929877044
369,0.06744495054886498,0.039030729663098465,9.336424945125289e-05,0.8844311326153684,0.008999822923216836
370,0.12993766583229246,0.04322480920244731,0.00027621861656390996,0.808742875151339,0.0178184311973573
371,0.028335920875862605,0.024422122887832343,0.00011930186265336309,0.9386347705283847,0.0084878838452669
372,0.06049473443809865,0.057820732841716536,0.0001816347927835021,0.8591277465400647,0.02237515138733655
373,0.13811013207399042,0.03706222760562799,0.00018487672641951793,0.7960112824150843,0.02863148117887756
374,0.15665971466913609,0.049917033063071214,0.00011562483005835154,0.7666762737022998,0.02663135373543457
375,0.34022462708213297,0.03333339672185953,2.173576508730831e-05,0.4805107593570538,0.1459094810738664
376,0.07693685915902794,0.01303170990338895,6.837988373740834e-05,0.08825505403223896,0.8217079970216068
377,0.5762326852262618,0.01879046728157302,9.733836451927376e-05,0.31335979674399317,0.09151971238365268
378,0.35112912737020574,0.01285906064208628,8.166188463495526e-05,0.5524449405420906,0.08348520956098239
379,0.07430934616801844,0.011084032353000556,7.400629549067958e-05,0.8391422353409423,0.07539037984254794
380,0.0032755821213319605,0.0008037934587626981,6.872118636003006e-06,0.9823418399837918,0.013571912317477402
381,0.006544111832391499,0.001231030445953085,3.1760594088519187e-06,0.9845605262663757,0.00766115539587087
382,0.008148943272993014,0.0023693613299824484,6.2735149801825075e-06,0.9804401360686285,0.009035285813415795
383,0.0028862301207176234,0.0018373715862361425,6.470658592309312e-06,0.9933160002738143,0.0019539273606394673
384,0.007929383080612043,0.004262969902427142,4.758988557409517e-05,0.9844255932421562,0.003334463889230571
385,0.005865627933484371,0.0027163692873741568,3.296269791601763e-05,0.9885947059712912,0.002790334109934407
386,0.0011096650758528697,0.00040139240871532995,2.8430017049016072e-05,0.9967433660989996,0.0017171463993830847
387,0.003337969904414992,0.0019293746695663448,0.00011587267144568008,0.991694832722749,0.0029219500318238764
388,0.005535057756588608,0.001992321305045238,2.4093637975398897e-05,0.9898845051895082,0.0025640221108824738
389,0.020148111066491777,0.0031023790152259817,9.400371420161671e-05,0.9728385470575949,0.0038169591464856313
390,0.0053526332735837415,0.002114084386093699,0.004601145060936898,0.9849131625900029,0.0030189746893825825
391,0.004892596137715648,0.002049680062855527,6.921357498531159e-06,0.9878107945555554,0.005240007886374701
392,0.016772231421558356,0.007634718975970357,4.262004550175953e-06,0.970672733451738,0.004916054146183127
393,0.010093876112667342,0.0026661538741434626,1.5201507718926814e-05,0.9650192456243781,0.022205522881092166
394,0.03744153202466957,0.005863861193863873,4.21858379447599e-05,0.921130167545426,0.03552225339809571
395,0.01596431570727741,0.0026607569642253595,2.1617459741141715e-05,0.9613552219601477,0.019998087908608422
396,0.007927668320396871,0.0019924472545987987,1.5184222265596118e-05,0.9755769820543678,0.014487718148370923
397,0.1019031605605557,0.019488784127107944,1.9190251560906343e-05,0.7094790439549304,0.16910982110584502
398,0.25662603652098975,0.015939330022936675,8.088912956444126e-06,0.6980399306770262,0.02938661386609088
399,0.2840774023025797,0.030163222043733114,5.2960475442176197e-05,0.6454623021735381,0.040244113004706955
400,0.26288495956630625,0.09703301191044754,0.0003156513968672109,0.5530918180380805,0.08667455908829841
401,0.20611966842401816,0.15445588139273136,0.0002932315252864559,0.5510816023344997,0.08804961632346434
402,0.074240254884208,0.4727525725199508,0.0019192289846496485,0.30597606942849365,0.14511187418269791
403,0.06051858903192561,0.5608743631407597,0.0011563344778094443,0.18206592890591605,0.1953847844435891
404,0.2330243552003368,0.23413100035836096,0.0003918619331080709,0.3749010596707075,0.1575517228374865
405,0.042186342843304005,0.7964562835968095,0.0015951017511716286,0.1251962208405223,0.0345660509681925
406,0.13344619007790195,0.4640122919029032,0.0006949982435708799,0.3578643053495297,0.04398221442609443
407,0.07896036717891501,0.6860493189712439,0.0013801741643405061,0.1476909299283947,0.08591920975710597
408,0.15198581031873332,0.6769391750946062,0.0006909195044989638,0.116928546823315,0.05345554825884664
409,0.168066874816086,0.6878351199510112,0.0005338511772639535,0.10475053914773919,0.03881361490789971
410,0.014336062766056633,0.9746182612515477,0.001114530227025826,0.005760427713543564,0.004170718041826331
411,0.060492670510176094,0.9174275272263526,0.0012436552651131597,0.015038980409471828,0.005797166588886168
412,0.008539121789050391,0.9852403954751603,0.0009519674750039024,0.004221164707099543,0.001047350553686065
413,0.09392744466879822,0.7215563514335264,0.001308893284599048,0.030649367590007453,0.15255794302306877
414,0.1425341900069155,0.8138764735365197,0.00024216362373117147,0.03089503894236574,0.012452133890467837
415,0.023100979316091855,0.9711358762769376,0.0002999718876264575,0.002669237103244611,0.0027939354160993485
416,0.07081392598986408,0.915635592835663,0.0008735555342691238,0.006900129551419694,0.0057767960887840945
417,0.030251878450647317,0.9602391909267817,0.0007871898944836717,0.005814335077289502,0.002907405650797839
418,0.009679560321223307,0.9869087728182715,0.0008728065878286595,0.0017204046789574775,0.0008184555937193253
419,0.005573944538153838,0.9908326610080851,0.0015984275227250307,0.0015232404442918311,0.00047172648674407365
420,0.08194577071368185,0.8843825603677063,0.001142630888718399,0.02440944135787304,0.008119596672020309
421,0.006918126691308734,0.988579679077701,0.0014949896924436401,0.0024483373957997017,0.0005588671427470606
422,0.029975711293324343,0.9562589667263675,0.002068945472288727,0.009577033643185432,0.0021193428648339633
423,0.037972264835388105,0.9525294836268434,0.0013235454559405787,0.007305873353226015,0.0008688327286017982
424,0.006170455407926503,0.9868435901342947,0.0027832133865041482,0.0035264408762988794,0.0006763001949757449
425,0.015466515468698054,0.9777981396560885,0.0014717116962290231,0.00446609241679755,0.0007975407621870226
426,0.011190076083874002,0.9738608307889255,0.005946935346034286,0.005154196858067449,0.003847960923098918
427,0.017187059092343658,0.9715107442007802,0.006889783759864021,0.003237756137592699,0.0011746568094194603
428,0.020132733749465465,0.9681009559978642,0.004843588335249799,0.005581863993074149,0.001340857924346288
429,0.006698042460995816,0.9831478442435375,0.008754514724586007,0.0007964811585287321,0.000603117412351795
430,0.0034646159583874847,0.9929794861754186,0.002522407119519333,0.0005160074814426419,0.0005174832652317656
431,0.0036555947733830523,0.9863759923399303,0.00819235857762713,0.0008787729819252893,0.0008972813271343783
432,0.004612189138771916,0.9892249324588568,0.004670245231532912,0.000524719986705789,0.0009679131841324065
433,0.002967091752107069,0.9757609921212355,0.019744289293179965,0.0004450837702140124,0.0010825430632632708
434,0.016343862052099655,0.9701911835108022,0.010313182645906699,0.0008440310896143348,0.002307740701577109
435,0.0062396660341277575,0.977193075653721,0.013848988550572826,0.00044139717374242426,0.0022768725878358482
436,0.00661567205836553,0.9518196525799847,0.040386367768391114,0.0003452890268986946,0.0008330185663601045
437,0.00457890411445412,0.8735398921519544,0.12048132329252019,0.00031675522380751294,0.0010831252172638776
438,0.005041265717747018,0.9760897816734476,0.01595040418856084,0.0006280308432277371,0.0022905175770167917
439,0.002163147532993349,0.8937944035262909,0.1031372956540255,0.00018299362266100436,0.0007221596640293545
440,0.007234781419696285,0.9168247777260825,0.07271425385174707,0.0009677096642891754,0.002258477338185059
441,0.007388208127833581,0.5946283287371581,0.3937409584166381,0.0007072127716737656,0.0035352919466965192
442,0.008577590948010102,0.9339461849678647,0.054241295068800446,0.000997751604165077,0.00223717741115952
443,0.01261114598526162,0.9797482779667243,0.00542988381115541,0.0005538557315645682,0.0016568365052942653
444,0.007210876168592101,0.7905205910669,0.20070292426737726,0.0005229024366486656,0.0010427060604821302
445,0.0041430122759966255,0.8846318035129083,0.1097072684497088,0.0004228921335862695,0.0010950236278001733
446,0.003798935614393931,0.9333338926144931,0.06134158544109398,0.0004353262398481133,0.00109026009017102
447,0.008530046526709308,0.960235239407151,0.025340239077937088,0.0017761001987403689,0.004118374789461947
448,0.002693918736046425,0.9045082237193903,0.09114069473149347,0.0003694156104687806,0.0012877472026011035
449,0.004325384830711382,0.730691851262077,0.26201090049504333,0.000841672932042035,0.002130190480126148
450,0.02653271398992722,0.928154953337154,0.04226505812552273,0.0009958329534610717,0.002051441593934985
451,0.004524399484726689,0.879937271545109,0.11266789456115255,0.0008771592211860299,0.001993275187825473
452,0.0022353119400327277,0.8802238183513904,0.11484328322700993,0.0009862665104264064,0.001711319971140321
453,0.007487472284938139,0.7749030087342957,0.2152826760831982,0.001030564687062734,0.001296278210505047
454,0.002570270712014784,0.5981330211529835,0.3974690958347532,0.00042166222118182893,0.0014059500790668518
455,0.002279103566212586,0.845071907834276,0.14692270268038066,0.0012447010803177336,0.004481584838813083
456,0.0012248451863622496,0.2768117272580331,0.720835575506648,0.0003164885828646841,0.0008113634660920006
457,0.0030394409215861173,0.3928802843028206,0.6019380501553964,0.0006520086542268166,0.0014902159659701654
458,0.001851937214624628,0.34389988963149437,0.6517193983725406,0.0007358514787757959,0.0017929233025645115
459,0.0011987211566946185,0.28887788753849325,0.7070754859080507,0.0003432723103291863,0.0025046330864321696
460,0.002205338710833427,0.3931606262806813,0.6017783354438964,0.0008091317954805959,0.0020465677691082
461,0.0026802092101554727,0.40853318540465483,0.5841494222004147,0.0011232228966854588,0.003513960288089587
462,0.0021486138221112126,0.20484831748191798,0.7907239410450688,0.00015251578791802286,0.002126611862984152
463,0.003085332277225899,0.3618750328385308,0.6315627309040623,0.00026236898097394836,0.003214534999207146
464,0.0008021746141496017,0.13491407030924302,0.8637491003992056,0.00010353287903391492,0.0004311217983677731
465,0.0011497103119909578,0.20435772994902476,0.7932687781524033,8.606349790928037e-05,0.0011377180886717993
466,0.00035278015429507706,0.11619194293551861,0.8830647290417493,0.000112644914910947,0.00027790295352605863
467,0.0007758091423769771,0.07192399858170002,0.9264900834257395,0.0002464855299517199,0.0005636233202319041
468,0.0012775062888891913,0.16244015666997003,0.835294570497503,0.0001617857767578077,0.000825980766879926
469,0.001329388375828732,0.1731651873039522,0.8239184123923334,0.00044026010611964545,0.00114675182176604
470,0.0012343852112064449,0.1704622005006654,0.8265866567540745,0.00033223047481192365,0.0013845270592416218
471,0.0012345346390756488,0.12693770289719847,0.8704460015148316,0.0004793270669447402,0.0009024338819496993
472,0.0005713932092684715,0.08916899103661095,0.9095403592473235,0.0001737607699580264,0.0005454957368391483
473,0.0009759162271741882,0.11515659844770522,0.8830813557487558,0.00022800618193114864,0.00055812339443381
474,0.00021133390660155708,0.05544701820644787,0.9434459610006789,0.0002849555660990038,0.000610731320172576
475,0.001199807969391667,0.16907583986291141,0.8273521019573609,0.0005690604694664179,0.0018031897408695922
476,0.0005809448541070171,0.11800702443733257,0.8805737020837169,0.0001972739156536816,0.0006410547091899403
477,0.0010060956805922642,0.31204693943863293,0.6850249390358536,0.0005604016247544562,0.0013616242201667168
478,0.000666522923680493,0.13130878166644308,0.8671142702690459,0.0004819246216053059,0.0004285005192251073
479,0.0013077675999244435,0.33175504394286504,0.6650143147019949,0.0008468965447386518,0.001075977210477038
480,0.000846122151204296,0.20947429123057024,0.7874490044848516,0.00139111875307615,0.00083946338029776
481,0.001200565570007844,0.1583914660835617,0.8388316358475452,0.0006262071491883142,0.000950125349697121
482,0.0014871101882362578,0.11748936198264832,0.8791830407837938,0.001005648877072827,0.0008348381682487146
483,0.0020398376366953705,0.13495153348469796,0.8608261240266539,0.0013394370893020239,0.0008430677626508336
484,0.0017702378156939248,0.2642258558685408,0.7292749973024689,0.0031498381519515827,0.0015790708613446852
485,0.0015188536100589455,0.14771992251307425,0.8484277006627094,0.001766696400539731,0.0005668268136175824
486,0.0020740932247946685,0.12190996513233457,0.8715539677917669,0.0035607559879905514,0.000901217863113386
487,0.001205271445723594,0.11084242075141215,0.8858558256654776,0.0015125480252201563,0.0005839341121664398
488,0.0011433608286418736,0.100833736554107,0.8957495356920919,0.0010469873684374024,0.0012263795567216292
489,0.002014319908409813,0.08485699843099888,0.9103461181263965,0.0017196130867431249,0.0010629504474516575
490,0.0008921001210418293,0.10194720658230509,0.8950911263851999,0.0008284138979646604,0.0012411530134883429
491,0.002174424908194855,0.21131550652425882,0.7818729423727024,0.0029209715975124367,0.0017161545973313499
492,0.0008014530837680942,0.11213609048805429,0.8827646376148037,0.002314137813684091,0.0019836809996898034
493,0.001084072340997199,0.16084020262805163,0.8347126244606599,0.001623497094044784,0.001739603476246639
494,0.0014849297176526043,0.17950264553110645,0.8153826188022233,0.0010169544195914187,0.0026128515294262613
495,0.0012169094011240111,0.07770613542443976,0.919009860907419,0.0010136870717601836,0.0010534071952570095
496,0.0013256520125453492,0.16438401562022834,0.8331327541212367,0.000434681714897947,0.0007228965310915535
497,0.0007883644750962263,0.07431082644268548,0.923154692927204,0.0010310073668526381,0.0007151087881616126
498,0.0004865632338610758,0.07445227723067933,0.9239459250110199,0.0005922337137482406,0.0005230008106913178
499,0.0006515441008888935,0.06802336037934376,0.9301603637023116,0.0006214683076530581,0.00054326350980291
500,0.00040915286953838317,0.049014247753678776,0.9501216183544792,0.00022484186612262648,0.0002301391561810374
501,0.00020527301091965205,0.02447595494343438,0.9748568361379649,0.0002101166007632443,0.0002518193069178705
502,0.0004219814776532279,0.09438469217362665,0.9044834223080827,0.00017735404999586735,0.0005325499906416558
503,0.00039762916425359584,0.0647377185107729,0.9340543972953154,0.00026897703206216786,0.0005412779975961328
504,0.00034622884234489383,0.029039788913993593,0.9701255650169666,0.00015733862056419216,0.0003310786061307178
505,0.000701588212946852,0.07667124406282588,0.9213162921342858,0.00037888542250296705,0.00093199016743843
506,0.0008714144625220343,0.08945432701256162,0.9076525861902333,0.0005613874767082236,0.0014602848579748173
507,0.00032063686766149523,0.03402211217502423,0.9648569674803332,0.00026969013317785937,0.0005305933438031259
508,0.0008282716247095324,0.05518865616150194,0.9422969264588025,0.0007511505005961957,0.000934995254389804
509,0.001170680142929465,0.07419267933943124,0.9240625051493115,0.00018314005483278606,0.00039099531349511934
510,0.0003969313956048413,0.026878682128402803,0.9707047740398266,0.0014516816763462336,0.0005679307598194582
511,0.0006949762321034531,0.03862828034103695,0.9590412938386436,0.0007601577513284589,0.0008752918368875198
512,0.000957576963363073,0.04988005463079622,0.9471207102010755,0.0014946647582844887,0.0005469934464806777
513,0.00029477537630341345,0.03641207733353037,0.9627353960329365,0.00031116880519056934,0.0002465824520391747
514,0.000324644375668072,0.02277899900205881,0.975570372071909,0.0009848181514506237,0.0003411663989135022
515,0.00029795933109352747,0.02196479030016569,0.9766979664363946,0.0007646592349298865,0.0002746246974161491
516,0.0011883952263181674,0.10853562644152483,0.88607136571665,0.0031966440951981595,0.001007968520308875
517,0.0002995894851979014,0.03080726248026146,0.9661688008367642,0.0020786409420184043,0.0006457062557580343
518,0.0009646303307882419,0.09841167056677476,0.8957861652905362,0.003956291316073774,0.0008812424958270218
519,0.0008494252332327561,0.0859711733222064,0.9110873422039832,0.0015077521184018426,0.0005843071221757769
520,0.001576736612788123,0.16104374818961392,0.8326659266597224,0.0032608690868508785,0.0014527194510248914
521,0.0010209055332022995,0.10216813921834167,0.8949727999489953,0.001401372556554467,0.0004367827429063396
522,0.0006692663384049641,0.10559226693276627,0.8927001609432027,0.0007070113509371365,0.00033129443468878864
523,0.0003944511259368969,0.05446877353482841,0.9442745331330904,0.0006061016291883394,0.00025614057695578645
524,0.00027978975217147773,0.05225911433717242,0.9467674646448083,0.0004153027731385082,0.0002783284927092798
525,0.00020674601372133435,0.059842570017622713,0.9391860585034886,0.0004584979298816947,0.0003061275352859089
526,0.00044848146858720726,0.0643822276776559,0.9339183863353904,0.0004926021000323861,0.0007583024183340501
527,0.0004124733719135715,0.08863930274371369,0.9088787155643533,0.001233725482093113,0.000835782837926261
528,0.0006263334011943102,0.08205769428405346,0.9136784232281415,0.0030782874231612763,0.0005592616634494258
529,0.0009608221411015009,0.05000905147348699,0.9426096763496916,0.004727785978670932,0.001692664057048971
530,0.002971402534219162,0.15440309269118477,0.7997534253647088,0.03576555051708108,0.007106528892806052
531,0.0060997123677859885,0.095115584986357,0.8391633643107582,0.05357878897399875,0.006042549361100084
532,0.0014851992277312282,0.0408728310562666,0.8835980431073476,0.04609270113456215,0.02795122547409241
533,0.0018489149331964757,0.0033026167499016776,7.849511384195993e-05,0.004330220338234361,0.9904397528648257
534,0.14501877288015722,0.02143790518061894,9.621988263634319e-05,0.03492179465996966,0.7985253073966179
535,0.4282704918204572,0.017885146381531786,0.00013329882396367695,0.01357183871032551,0.5401392242637219
536,0.21393456679789905,0.06694151507063621,0.000471371166049339,0.0059966063274262725,0.7126559406379892
537,0.4379915131186557,0.31350779336907025,0.0011021551785772893,0.05361542829535011,0.19378311003834664
538,0.14469698968485925,0.2706902795762917,0.0009788054238712921,0.23480384276388344,0.3488300825510943
539,0.0574731608573996,0.021881115033176395,0.0004607619755973026,0.04504183641710514,0.8751431257167215
540,0.5973264028691972,0.05914247913450736,0.0002717494517152595,0.12473914287902355,0.2185202256655566
541,0.2758539283766627,0.11259457982182496,0.0009407468303545471,0.19525638461890293,0.41535436035225476
542,0.5252587635020257,0.2798141136108455,0.0012374880334486455,0.10435090537309882,0.0893387294805814
543,0.18530000161912244,0.18165407763232763,0.00024883465178153686,0.3869668259859884,0.24583026011078002
544,0.1136265474738614,0.030255660838288158,3.329597069278636e-05,0.30097439030591416,0.5551101054112435
545,0.0819941817654976,0.0042046970511177536,1.5109167411970185e-05,0.058804424825382874,0.8549815871905897
546,0.2907715920160452,0.007770133926201014,4.638143248277281e-06,0.1091697643827972,0.5922838715317084
547,0.5116312171414276,0.00909652390725247,6.677139752736425e-06,0.2918463861617705,0.18741919564979678
548,0.7429816818721589,0.029597018641368714,5.058072375670095e-05,0.14625751302609363,0.08111320573662197
549,0.20564138704951326,0.11505292191328954,0.0018590004081680983,0.18847364640460376,0.48897304422442534
550,0.13042331460075704,0.3806098744581723,0.004129976875554303,0.3145987323617531,0.17023810170376327
551,0.049391556711298384,0.7010654422201238,0.0016277326572552975,0.22781226821383888,0.020103000197483477
552,0.12500938582779195,0.21394117740135898,0.00011979098235748212,0.5896746615899561,0.07125498419853556
553,0.08536567984326653,0.7700007516772476,0.003015005913582821,0.0980051576738135,0.04361340489208968
554,0.14506238918681266,0.6965887629990538,0.0002249735635774903,0.14692169576807732,0.011202178482478798
555,0.08230505366206113,0.7871997534445746,0.006256654940150069,0.06363068717011733,0.060607850783096794
556,0.027488672922538388,0.9354190962321192,0.0010439070606115485,0.02941474475580295,0.006633579028927938
557,0.006676253433385536,0.9746831469424986,0.002009208429762879,0.012234064746312029,0.004397326448041002
558,0.020629835302184818,0.9411684943390632,0.0006433924611047513,0.03267516354206279,0.0048831143555843485
559,0.011134343329197268,0.9687024455538092,0.0006237279146383002,0.016736154042813,0.002803329159542373
560,0.031248662541990217,0.9337930755131926,0.001877363246420088,0.02607454591570159,0.007006352782695588
561,0.007188639927797985,0.973139303315792,0.000319431063405933,0.018007287039143716,0.001345338653860478
562,0.005628776331285081,0.9799569705758457,0.0014940150680389252,0.010515518415571036,0.002404719609259378
563,0.02371562271882423,0.9032503516534989,0.001950239712866638,0.05792980320849316,0.013153982706317053
564,0.14658696111266226,0.5797672708303004,0.001067619408096954,0.22594980555879626,0.04662834309014402
565,0.04338667829239683,0.9295398250156821,0.002587957785275331,0.014049411515257623,0.010436127391388009
566,0.1365700156590914,0.787969537904512,0.0007138671754287902,0.05796568403031215,0.01678089523065562
567,0.02398241896235567,0.9605301044920868,0.0032875435707764833,0.006914027580678696,0.0052859053941023745
568,0.030639332254210786,0.9608560850164459,0.002197634448754511,0.0051679374713117536,0.0011390108092770776
569,0.006902412977369082,0.9862805963991655,0.0029922676119300867,0.0030808673109162417,0.0007438557006190166
570,0.0037923663375584466,0.9854113535460258,0.004482251452748532,0.005867105327123111,0.00044692333654415567
571,0.00394489480489802,0.9834764498628775,0.008315047405668548,0.003848379852034388,0.00041522807452168935
572,0.0011420640174764694,0.9575706612625356,0.03883841905274396,0.002021770999099761,0.00042708466814424343
573,0.008800500633812531,0.9824358545736419,0.0016740175969246877,0.0050962601234420864,0.0019933670721790616
574,0.004695589409851812,0.9771785611083048,0.010096074073229148,0.004431853121933895,0.003597922286680182
575,0.12936460493399687,0.7125052678409185,0.003122621069989611,0.08698088648811106,0.0680266196669839
576,0.09041429678041502,0.8618369867305338,0.0034388656986964125,0.03543558616135546,0.008874264628999446
577,0.2299165077672594,0.5939407395034406,0.001857693886710316,0.1585871538775877,0.015697904965002004
578,0.1621840515204066,0.5829490525367077,0.018972966251347444,0.19717098286257195,0.03872294682896641
579,0.05448316046346142,0.7382994253994538,0.004556512673667488,0.17404302843696934,0.02861787302644809
580,0.07555992005361382,0.36130482133084363,0.006486804146118052,0.5175835466449031,0.03906490782452141
581,0.2003002804083688,0.1737636319279198,0.0003922856488435135,0.5718331523136071,0.05371064970126071
582,0.2439068247803041,0.10103990507432777,0.0014309447454233595,0.6224205294734151,0.03120179592652967
583,0.10767676082838716,0.060230810318320366,0.0002708965833913889,0.8210776081742778,0.010743924095623374
584,0.0762250960816262,0.03987643169724753,0.0002653790272997453,0.8649310269564864,0.018702066237339995
585,0.03859993425776337,0.007190048155523317,2.023704687556358e-05,0.939517321986484,0.01467245855335381
586,0.009935720799093656,0.001728966046205091,1.6234771089306675e-05,0.9845437024631583,0.003775375920453634
587,0.06688896955642232,0.0018593504209561678,1.5092597800738126e-05,0.9265807927301142,0.004655794694706554
588,0.03433319623937901,0.0042818281949853695,3.123343142803483e-05,0.954332085167365,0.007021656966842621
589,0.005549896697226877,0.000744576095425824,3.6812819845678555e-05,0.9899012920251024,0.003767422362399133
590,0.0025890419900476895,0.0015383457851164994,9.034517996419936e-06,0.9894719121668639,0.006391665539975477
591,0.0006522661074039701,0.0002230117827204844,0.0037981938425092456,0.9919393063183181,0.0033872219490481653
592,0.002921913723976675,0.00028129221040602934,5.250468019552978e-06,0.9937293404146992,0.0030622031828985655
593,0.00569333409365352,0.0005729271012865496,6.7226747200587636e-06,0.9886656236572271,0.00506139247311268
594,0.00575767688656349,0.0007299029598118666,4.563076795878092e-06,0.9915405916483101,0.00196726542851858
595,0.0018448002082918225,0.0004324290000036827,3.7125317772885168e-06,0.9956321530096911,0.0020869052502359526
596,0.005896372391993616,0.0028248973670991287,1.0609687649843322e-05,0.984191423718029,0.0070766968352282975
597,0.015830575782738904,0.0016574588466100498,3.9972390900440836e-06,0.9767604486453779,0.005747519486182979
598,0.03281079682791906,0.004272895783427713,9.890449797226405e-06,0.826095582008079,0.13681083493077703
599,0.32000319347869327,0.010197673985059278,4.666338938060628e-06,0.6417088917229047,0.02808557447440481
600,0.3885015580513136,0.006235255625483973,1.3631881901356027e-05,0.556250367965693,0.04899918647560814
601,0.3412576589515641,0.008272260409242997,4.748119912296639e-05,0.5974549493750838,0.05296765006498603
602,0.03183893644810759,0.0132391497476855,6.44815797835965e-05,0.9403832062731831,0.014474225951240377
603,0.07327980730236798,0.019860920110274582,6.543878888588344e-05,0.8640502645039878,0.04274356929448367
604,0.0842234082244404,0.013213092512392175,3.868411642237247e-05,0.8770252958230239,0.025499519323720975
605,0.0974176254870983,0.015762839835823328,4.255399991884586e-05,0.8563210785147986,0.0304559021623609
606,0.15529277349858775,0.020229842346182435,0.0002455425015694478,0.7763465414364499,0.04788530021721046
607,0.031718817734167966,0.007342463600639039,8.077388898741541e-05,0.9429363477676742,0.017921597008531222
608,0.05093154593006599,0.006981695162180122,3.940583349634792e-05,0.9262387232459093,0.015808629828348367
609,0.040688238460102055,0.00580333214630799,1.6738362372880276e-05,0.9440149031794552,0.009476787851761946
610,0.02428305857878623,0.011844965695534664,0.00014537794097503192,0.9559223701120898,0.0078042276726142485
611,0.0036054483805105803,0.003267136785780776,3.761789693393843e-06,0.9908799988097571,0.002243654234258217
612,0.012643099865425552,0.007783560035325038,3.901925223072691e-06,0.9758143233421465,0.003755114831879966
613,0.010340760363977044,0.004932265829303226,3.9575111392224415e-06,0.9811302755852196,0.0035927407103609893
614,0.0031590448369725748,0.002150649007803084,1.8987991775743507e-05,0.982599891885683,0.012071426277765635
615,0.016373677470563515,0.0019951093184352193,3.723267964979391e-06,0.9694729886426271,0.012154501300409135
616,0.005532626182242195,0.002006369069880237,8.450157298741465e-06,0.9867372765585892,0.005715278031989698
617,0.10459771656653784,0.012006012447921212,1.5879259172251973e-05,0.83466537934405,0.048715012382318734
618,0.2052446059470394,0.021906550964523163,3.895569614076367e-05,0.7070439611841054,0.06576592620819127
619,0.18259214749103753,0.01263448261528421,0.00015779268664736288,0.7135591315377019,0.09105644566932919
620,0.3091991870936971,0.08129792862511391,0.00020032339501435808,0.48386563876090793,0.12543692212526658
621,0.00014273145160362198,0.00010570569496390662,1.309585607653756e-05,0.0023310845688666025,0.9974073824284894
